PSUADE_BEGIN
21 1 1
1	  5.9999999999999998e-01	  2.0400000000000000e+00 0.5
2	  6.1499999999999999e-01	  2.0685000000000002e+00 0.5
3	  6.3000000000000000e-01	  2.0970000000000000e+00 0.5
4	  6.4500000000000002e-01	  2.1254999999999997e+00 0.5
5	  6.6000000000000003e-01	  2.1539999999999999e+00 0.5
6	  6.7500000000000004e-01	  2.1825000000000001e+00 0.5
7	  6.8999999999999995e-01	  2.2109999999999999e+00 0.5
8	  7.0499999999999996e-01	  2.2395000000000000e+00 0.5
9	  7.1999999999999997e-01	  2.2680000000000002e+00 0.5
10	  7.3499999999999999e-01	  2.2965000000000000e+00 0.5
11	  7.5000000000000000e-01	  2.3250000000000002e+00 0.5
12	  7.6500000000000001e-01	  2.3534999999999999e+00 0.5
13	  7.8000000000000003e-01	  2.3820000000000001e+00 0.5
14	  7.9500000000000004e-01	  2.4104999999999999e+00 0.5
15	  8.1000000000000005e-01	  2.4390000000000001e+00 0.5
16	  8.2499999999999996e-01	  2.4675000000000002e+00 0.5
17	  8.4000000000000008e-01	  2.4960000000000000e+00 0.5
18	  8.5499999999999998e-01	  2.5244999999999997e+00 0.5
19	  8.7000000000000011e-01	  2.5529999999999999e+00 0.5
20	  8.8500000000000001e-01	  2.5815000000000001e+00 0.5
21	  9.0000000000000002e-01	  2.6100000000000003e+00 0.5
PSUADE_END

